Klump afgrænset af x < 6 og y < 4
                                       F Karsten Hønge
                                       [-0.48 -0.19  5.17 -0.36 -0.09 -0.1  -0.3  -0.21 -0.41  0.3  -0.24]
                                       Ø Leila Stockmarr
                                       [ 2.61  0.67  3.28 -0.36 -0.39 -0.1  -0.3   0.29 -0.41 -0.11 -0.24]
                                       A Thorkild Holmboe-Hay
                                       [-0.48 -0.19 13.94 -0.36 -0.39 -0.1  -0.3  -0.21 -0.41 -0.11 -0.24]
                                       B Anne Sophie Callesen
                                       [-0.48 -0.19  3.6  -0.36 -0.39 -0.1   0.1   0.33  1.95 -0.11 -0.24]
                                       F Astrid Carøe
                                       [-0.48 -0.19  3.34 -0.36  0.2  -0.1   0.08 -0.21  0.69 -0.11 -0.24]
                                       V Jacob Chr. Nielsen
                                       [-0.48 -0.19  5.2  -0.36 -0.09 -0.1  -0.3  -0.21 -0.41 -0.11 -0.24]
                                       C Isabella Arendt
                                       [-0.48 -0.19  3.15 -0.36  0.17 -0.1  -0.3  -0.21 -0.41 -0.11 -0.24]
                                       I Alex Vanopslagh
                                       [-0.48 -0.19  1.9  -0.36 -0.27 -0.1  -0.3  -0.21 -0.41 -0.03 -0.24]
                                       O Anders Vistisen
                                       [-0.48 -0.19  3.36 -0.36  0.2  -0.1   1.01 -0.21 -0.41 -0.11 -0.24]