Klump øverst til venstre
                                       V Peter Juel Jensen
                                       [-0.48 -0.19 -0.14 -0.36 -0.39 -0.1   0.93 -0.21 -0.41 -0.11 -0.24]
                                       I Anders Kirkeby
                                       [-0.48 -0.19 -0.14 -0.36 -0.39 -0.1   2.8  -0.21 -0.41 -0.11 -0.24]
                                       UDEN Navnløs
                                       [-0.48 -0.19 -0.14 -0.36 -0.39 -0.1   5.54 -0.21 -0.41 -0.11 -0.24]
                                       M Gustav H.C. Wulff
                                       [-0.48 -0.19 -0.14 -0.36 -0.39 -0.1   4.49 -0.21 -0.41 -0.11 -0.24]
                                       O Michael Aastrup Jensen
                                       [-0.48  0.2  -0.14 -0.36 -0.39 -0.1   0.85 -0.21 -0.41  0.01 -0.24]
                                       A Lone Leth Larsen
                                       [-0.48 -0.19 -0.14 -0.36 -0.39 -0.1   0.79 -0.21 -0.41 -0.11 -0.24]
                                       B Emilie Normann
                                       [-0.48 -0.19 -0.14 -0.36 -0.39 -0.1   1.04 -0.21 -0.41 -0.11 -0.24]
                                       UDEN Navnløs
                                       [-0.48 -0.19 -0.14 -0.36 -0.39 -0.1   1.71 -0.21 -0.41 -0.11 -0.24]
                                       UDEN Navnløs
                                       [-0.48 -0.19 -0.14 -0.36 -0.39 -0.1   2.04 -0.21 -0.41 -0.11 -0.24]
                                       D Peter Seier Christensen
                                       [-0.48 -0.19 -0.14 -0.36 -0.39 -0.1   0.75 -0.21 -0.41 -0.11 -0.24]
                                       D Githa Nelander
                                       [-0.48 -0.19 -0.14 -0.36 -0.39 -0.1   0.6   0.6  -0.41  0.11 -0.24]
                                       UDEN Navnløs
                                       [-0.48 -0.19 -0.14 -0.36 -0.39 -0.1   0.89 -0.21 -0.41 -0.11 -0.24]
                                       D Karsten Byrgesen
                                       [-0.48 -0.19 -0.14 -0.36 -0.39 -0.1   2.52 -0.21 -0.41 -0.11 -0.24]
                                       D Rune Bønnelykke
                                       [-0.48 -0.19 -0.14 -0.36 -0.39 -0.1   0.88 -0.21 -0.41 -0.11 -0.24]
                                       O Peter Kofod(DF)
                                       [-0.48 -0.19 -0.14 -0.36 -0.39 -0.1   2.09 -0.21 -0.41 -0.11 -0.24]
                                       V Eva Kjer Hansen
                                       [-0.48 -0.19 -0.14 -0.36 -0.09 -0.1   1.42 -0.21 -0.41 -0.11 -0.24]
                                       UDEN Navnløs
                                       [-0.48 -0.19 -0.14 -0.36 -0.39 -0.1   0.74 -0.21 -0.41 -0.11 -0.24]
                                       A Mette Lykke Nielsen
                                       [-0.48 -0.19 -0.14 -0.36 -0.39 -0.1   3.57 -0.21 -0.41 -0.11 -0.24]
                                       D Mogens Aaby
                                       [-0.48 -0.19 -0.14 -0.36 -0.39 -0.1  13.78 -0.21 -0.41 -0.11 -0.24]