Også EU, men mindre defineret
Klump afgrænset af x < 4 og y < 8
                                       K Anders Friis Knudsen
                                       [-0.48 -0.19 -0.14 -0.36 -0.39 -0.1   0.25 -0.21 -0.41 -0.11 -0.24]
                                       Å Henrik Boye Ebbesen
                                       [-0.48 -0.19 -0.14 -0.36 -0.39 -0.1   0.12 -0.21 -0.41 -0.11 -0.24]
                                       Å Martin Kjærulff (Å)
                                       [-0.48 -0.19 -0.14 -0.36 -0.39 -0.1   0.23 -0.21 -0.41 -0.11 -0.24]
                                       UDEN Navnløs
                                       [-0.48 -0.19 -0.14 -0.36 -0.39 -0.1  -0.14 -0.21 -0.41 -0.11 -0.24]
                                       O Morten Messerschmidt
                                       [-0.48 -0.19 -0.14 -0.36 -0.39 -0.1  -0.12 -0.21 -0.41 -0.11 -0.24]
                                       Å ulla sandbaek
                                       [-0.48 -0.19 -0.14 -0.36 -0.39 -0.1   0.13 -0.21 -0.41 -0.11 -0.24]
                                       B Jes Vissing Tiedemann (han/ham)
                                       [-0.48 -0.19 -0.14 -0.36 -0.39 -0.1   0.02 -0.21 -0.41  0.34 -0.24]
                                       O Kenneth K. Berth
                                       [-0.48  0.15 -0.14 -0.36 -0.39 -0.1   0.13 -0.21 -0.41 -0.11 -0.24]
                                       UDEN Navnløs
                                       [-0.48 -0.19 -0.14 -0.36 -0.39 -0.1  -0.3  -0.21 -0.41  0.96 -0.24]
                                       A Brian Bressendorff
                                       [-0.48 -0.19 -0.14 -0.36 -0.39 -0.1   0.19 -0.21 -0.41 -0.11 -0.24]
                                       B Zenia Stampe
                                       [-0.48 -0.19 -0.14 -0.36 -0.39 -0.1   0.21 -0.21 -0.41 -0.11 -0.24]
                                       I Henrik Thomsen
                                       [-0.48 -0.19 -0.14 -0.36 -0.39 -0.1  -0.04 -0.21 -0.41 -0.11 -0.24]
                                       K karrigan
                                       [-0.48 -0.19 -0.14 -0.36 -0.39 -0.1   0.38 -0.21 -0.41 -0.11 -0.24]
                                       O Simon Hampe
                                       [-0.48 -0.19 -0.14 -0.36 -0.39 -0.1   0.24 -0.21 -0.41 -0.11 -0.24]
                                       V Stén Knuth, Idrætsordfører Venstre
                                       [-0.48 -0.19 -0.14 -0.36 -0.39 -0.1  -0.14 -0.21 -0.41 -0.11 -0.24]
                                       I Carsten L. Andersen
                                       [-0.48 -0.19 -0.14 -0.36 -0.39 -0.1  -0.03 -0.21 -0.41 -0.11 -0.24]
                                       O Lene Baggesø
                                       [-0.48 -0.19 -0.14 -0.36 -0.39 -0.1   0.18 -0.21 -0.41  0.23 -0.24]
                                       UDEN Navnløs
                                       [-0.48 -0.19 -0.14 -0.36 -0.39 -0.1  -0.07 -0.21 -0.41 -0.11 -0.24]