Klump afgrænset af x > 8 og y > 8
                                       Ø Laura Kofod
                                       [-0.48 -0.19 -0.14 -0.36  0.31 -0.1  -0.3  -0.21 -0.41 -0.11  3.87]
                                       Ø Bjarne Lund
                                       [-0.48 -0.19 -0.14 -0.36 -0.39 -0.1   0.25 -0.21 -0.41 -0.11  0.79]
                                       UDEN Navnløs
                                       [-0.48 -0.19 -0.14 -0.36  3.69 17.04 -0.3  -0.21 -0.41 -0.11 14.25]
                                       C Britt Bager
                                       [-0.48 -0.19 -0.14 -0.36  0.01 -0.1  -0.3  -0.21 -0.41 -0.11  3.29]
                                       Å Qasam Nazir Ahmad
                                       [-0.48 -0.19 -0.14 -0.36 -0.17 -0.1  -0.3  -0.21 -0.41 -0.11  0.53]
                                       C Casper Øhlers
                                       [-0.48 -0.19 -0.14  0.71 -0.39 -0.1  -0.3   0.33 -0.41  0.04  1.25]
                                       UDEN Navnløs
                                       [-0.48  0.47 -0.14  1.14 -0.09 -0.1  -0.3  -0.21 -0.41 -0.11  1.84]
                                       UDEN Navnløs
                                       [-0.48 -0.19 -0.14 -0.36 -0.23 -0.1  -0.3  -0.21 -0.41 -0.11  0.33]
                                       V Torsten Schack
                                       [-0.48 -0.19 -0.14 -0.36 -0.16 -0.1  -0.3  -0.21 -0.41 -0.11  0.56]
                                       UDEN Navnløs
                                       [-0.48 -0.19 -0.14 -0.36 -0.39 -0.1  -0.3  -0.21 -0.41 -0.11  2.23]
                                       UDEN Navnløs
                                       [-0.48  0.46 -0.14 -0.36 -0.39 -0.1  -0.3  -0.21 -0.41  0.09  0.79]
                                       A Rasmus Horn Langhoff
                                       [-0.48 -0.19 -0.14 -0.36 -0.39 -0.1  -0.3  -0.21 -0.41 -0.11  1.65]
                                       UDEN Navnløs
                                       [-0.48 -0.19 -0.14 -0.36  0.09 -0.1  -0.07 -0.21 -0.41 -0.11  0.61]
                                       I Frederik Grünfeld
                                       [-0.48 -0.19 -0.14 -0.36 -0.09 -0.1   0.26 -0.21 -0.41 -0.11  0.8 ]
                                       UDEN Navnløs
                                       [-0.48  0.13 -0.14 -0.36  0.04 -0.1  -0.3  -0.21  0.39 -0.11  1.28]
                                       O Susanne Eilersen
                                       [-0.48 -0.19 -0.14 -0.36 -0.39 -0.1   0.19 -0.21 -0.41 -0.11  2.5 ]
                                       V Tilde Holch Duedahl
                                       [-0.48 -0.19 -0.14 -0.36 -0.39 -0.1  -0.3  -0.21 -0.41 -0.11  1.09]
                                       Æ Søren Espersen
                                       [-0.48 -0.19 -0.14 -0.36 -0.39 -0.1  -0.3  -0.21 -0.41 -0.11  0.71]
                                       D Frederik Knud Nielsen
                                       [-0.48 -0.19 -0.14 -0.36 -0.39 -0.1  -0.1  -0.21 -0.41 -0.11  0.51]
                                       V Carsten Kissmeyer
                                       [-0.48 -0.19 -0.14 -0.36 -0.39 -0.1  -0.3   3.36 -0.41 -0.11  4.71]
                                       C Mona Juul
                                       [-0.48 -0.19 -0.14 -0.36 -0.15 -0.1  -0.3  -0.21 -0.41 -0.11  1.  ]
                                       Ø Kristjar Skajaa
                                       [-0.48 -0.19 -0.14 -0.36 -0.39 -0.1  -0.3  -0.21 -0.41 -0.11  3.1 ]